144.9708136 -37.81489298
144.9547478 -37.81488239
144.9524499 -37.82542999
144.9439709 -37.81926314
144.9606572 -37.81692294
144.9429537 -37.8193524
144.9561387 -37.81569888
144.9787053 -37.80963921
144.9675812 -37.81390784
144.9669104 -37.79905376
144.9666174 -37.79908202
144.9532516 -37.81166329
144.9378512 -37.81316939
144.9629215 -37.8149247
144.960196 -37.82675738
144.9656508 -37.81634964
144.9329702 -37.8247005
144.9431188 -37.81977079
144.9712459 -37.81268556
144.9625915 -37.81627563
144.9601628 -37.81320178
144.9490772 -37.8179124
144.913801 -37.80077929
144.9672054 -37.83020148
144.9507964 -37.82150854
144.9611833 -37.79688289
144.9648396 -37.81252417
144.9628116 -37.81582291
144.9626888 -37.81601818
144.9476494 -37.8148999
144.9611833 -37.79688289
144.9735471 -37.81305254
144.9793632 -37.84410442
144.9401958 -37.8142881
144.959133 -37.81857938
144.9706888 -37.82909022
144.9473075 -37.81812972
144.9832651 -37.8096712
144.9863292 -37.83762161
144.9627099 -37.81858764
144.9658025 -37.81472249
144.9671822 -37.80326162
144.9670993 -37.81346641
144.9099038 -37.82485375
144.9641451 -37.81148543
144.9716239 -37.81362056
144.9524499 -37.82542999
144.9628762 -37.80962895
144.9674439 -37.79948492
144.9673276 -37.80031327
144.9657001 -37.81067862
144.9415029 -37.80502196
144.9718396 -37.8135584
144.9692731 -37.81147802
144.9643901 -37.81526835
144.9099038 -37.82485375
144.9611833 -37.79688289
144.9713563 -37.81310158
144.9707552 -37.81590475
144.9409481 -37.79163069
144.9689588 -37.81867875
144.9632886 -37.81360405
144.9566606 -37.80445172
144.927014 -37.79267342
144.9536963 -37.80409684
144.9672613 -37.81244193
144.9638435 -37.81247035
144.9611833 -37.79688289
144.9574703 -37.81868413
144.9657001 -37.81067862
144.909504 -37.82669968
144.9715772 -37.81501688
144.966103 -37.81529012
144.9429183 -37.7909309
144.9524499 -37.82542999
144.9658025 -37.81472249
144.9552323 -37.81602502
144.9686292 -37.80357383
144.9656523 -37.81542132
144.9450194 -37.82100718
144.9726256 -37.81430518
144.9706888 -37.82909022
144.9624425 -37.81728274
144.9733542 -37.81384322
144.9041689 -37.82644366
144.965885 -37.81482929
144.9697503 -37.81583665
144.9617274 -37.81376219
144.9570948 -37.81687975
144.9633005 -37.81556658
144.9627911 -37.81719909
144.9542381 -37.80616432
144.9617791 -37.81822672
144.9505641 -37.81448171
144.9728922 -37.81330509
144.9632686 -37.81705701
144.9638435 -37.81247035
144.9614053 -37.81429069
144.9049816 -37.82654955
144.9679732 -37.81133822
